0 -0.79243661959966
6 -0.114121034741402
12 0.512153279781342
18 0.657474040985107
24 2.03504111766815
30 1.97532637119293
36 1.94915728569031
42 1.93941679000854
48 1.82108428478241
54 1.0640064239502
60 0.839269196987152
72 0.8099649310112
78 2.06345971822739
84 2.71749612092972
90 3.79069710969925
96 4.02325532436371
102 3.4487487077713
108 1.74240647554398
114 0.339790737628937
270 1.16521430015564
276 1.83869457244873
282 3.15971622467041
288 3.08472242355347
294 2.58473052978516
300 3.31995615959167
306 2.4110978603363
312 1.50812209844589
318 1.59409391880035
324 0.721088719367981
330 0.112530112266541
336 1.81195437908173
342 2.86547926664352
354 3.1411016702652
360 4.37705357074738
366 4.66680762767792
372 3.63902616500854
378 3.0439838886261
384 2.66097585186362
390 2.08671637997031
396 1.93641640171409
402 2.22941922172904
408 2.37743004783988
414 2.81499843597412
420 3.21499538421631
426 3.00192637443542
432 2.36933001577854
438 1.50274915993214
444 0.505925372242928
450 -0.529204580187798
456 -1.3808026522398
462 -1.87181311845779
468 -2.08897185325623
474 -1.4353108048439
480 -0.831745421886444
486 -0.667363512516022
492 -0.539650452136993
498 -0.645167052745819
504 -0.809762823581696
510 -1.14489875435829
516 -1.16420451998711
522 -1.05769872069359
528 -0.102371352910995
534 -0.0614833950996399
540 0.0602022171020508
552 0.220076771080494
576 0.214821811020374
582 0.145883651077747
594 0.0400815978646278
600 -0.240149275958538
606 -0.639952659606934
612 0.510543966293335
630 1.34567332267761
636 1.8263215303421
642 1.9030041217804
648 3.29428663253784
654 1.81336178779602
660 1.15704226493835
666 2.14098498821259
672 2.75138731002808
678 2.04472258090973
684 2.89845519065857
690 2.11633158922195
696 1.27399564981461
702 1.18985990285873
708 1.06826311349869
714 1.30142215490341
720 1.96188123226166
726 1.58012082576752
732 1.47835137844086
738 1.79178054332733
744 1.70159010887146
750 1.70133624076843
756 2.01281561851501
762 1.29943153858185
768 0.820641362667084
774 0.307204902172089
780 -0.345900809764862
786 -0.774838292598724
792 -0.150979518890381
798 -0.0894670009613037
804 -0.0679993391036987
810 -0.594606018066406
816 -0.892171430587769
822 -1.01877781748772
828 -1.1416306912899
834 -0.631550306081772
840 -0.390728753805161
846 -0.0673891127109528
852 0.0976680040359497
858 -0.290362703800201
864 -1.28052459955215
870 -1.31184092760086
900 -1.39581835865974
912 -2.08554757237434
948 -1.8857254087925
972 -1.43485175967216
984 -1.5574011027813
996 -1.61034125089645
1008 -0.617989146709442
1020 -0.239735114574432
1032 0.559493660926819
1044 2.06259410381317
1056 2.37884693145752
1068 1.93725572228432
1080 2.09971817135811
1092 1.04203985333443
1104 -0.0781059920787811
1116 -0.914330905675888
1128 -1.53690028190613
1140 -1.8137301787734
1152 -1.80334614366293
1164 -1.86798361390829
1176 -1.21488320827484
