633346.153342255 4345199.64626602 0.139210879802704
633354.922075497 4345187.51461667 3.97950601577759
633358.445309567 4345174.02296355 1.16469311714172
633358.855598361 4345159.63119241 -2.03174734115601
633359.917063968 4345145.67402927 -1.33403384685516
633362.297755345 4345160.53693094 -1.5200971364975
633364.017630029 4345146.59100614 1.69099307060242
633368.19929825 4345133.11059545 11.4538097381592
633373.525961912 4345120.07322474 -1.62222468852997
633374.597057342 4345134.49028246 -0.523185968399048
633376.429191111 4345220.06722414 -1.01931476593018
633380.117050886 4345206.57838936 0.46371528506279
633380.99246268 4345107.07238528 2.02893352508545
633386.102091106 4345193.5522661 -1.04589903354645
633389.625377475 4345180.0606256 -1.42188632488251
633390.500893008 4345080.55462342 6.98386335372925
633393.530418975 4345067.05455542 5.27273225784302
633396.972613986 4345067.96030817 2.9685480594635
633399.298364251 4345153.5456831 -3.75624847412109
633399.691988615 4345111.20306122 -1.47107303142548
633400.17398562 4345054.03968278 2.59500551223755
633401.924745528 4345154.01401781 -2.72242331504822
633402.511466967 4345196.7968747 1.3063633441925
633405.283472332 4345140.51957372 -2.40728902816772
633405.677125536 4345098.17695214 -0.145273134112358
633420.941714866 4345100.97855154 1.77718257904053
633431.924479632 4345074.90950293 -3.63994860649109
633444.574175316 4345134.41462285 -2.08862519264221
633446.788004437 4345120.47714654 -2.98486280441284
